84 145
1 1 1 1 1 1 1 1 1 1 1 1 1 1 1 1 1 1 1 1 1 1 1 1 1 1 1 1 1 1 1 1 1 1 1 1 1 1 1 1 1 1 1 1 1 1 1 1 1 1 1 1 1 1 1 1 1 1 1 1 1 1 1 1 1 1 1 1 1 1 1 1 1 1 1 1 1 1 1 1 1 1 1 1 
7 1
8 1
9 1
7 2
8 2
9 2
10 2
4 3
5 3
6 3
7 3
8 3
9 3
10 3
4 4
5 4
6 4
7 4
8 4
9 4
10 4
1 5
2 5
3 5
4 5
5 5
6 5
7 5
8 5
9 5
10 5
1 6
2 6
3 6
4 6
5 6
6 6
7 6
8 6
9 6
10 6
11 6
1 7
2 7
3 7
4 7
5 7
6 7
7 7
8 7
9 7
10 7
11 7
2 8
3 8
4 8
5 8
6 8
7 8
8 8
9 8
10 8
11 8
2 9
3 9
4 9
5 9
6 9
7 9
8 9
2 10
3 10
4 10
5 10
6 10
7 10
8 10
2 11
3 11
4 11
5 11
3 12
4 12
5 12
1 1 0
1 2 0
1 3 0
1 4 0
1 5 0
1 6 0
1 7 0
1 8 0
1 9 0
1 10 0
1 11 0
1 12 0
2 1 0
2 2 0
2 3 0
2 4 0
2 5 0
2 6 0
2 7 0
2 8 0
2 9 0
2 10 0
2 11 0
2 12 0
3 1 0
3 2 0
3 3 0
3 4 0
3 5 0
3 6 0
3 7 0
3 8 0
3 9 0
3 10 0
3 11 0
3 12 0
4 1 0
4 2 0
4 3 0
4 4 0
4 5 0
4 6 0
4 7 0
4 8 0
4 9 0
4 10 0
4 11 0
4 12 0
5 1 0
5 2 0
5 3 0
5 4 0
5 5 0
5 6 0
5 7 0
5 8 0
5 9 0
5 10 0
5 11 0
5 12 0
6 1 0
6 2 0
6 3 0
6 4 0
6 5 0
6 6 0
6 7 0
6 8 0
6 9 0
6 10 0
6 11 0
6 12 0
7 1 0
7 2 0
7 3 0
7 4 0
7 5 0
7 6 0
7 7 0
7 8 0
7 9 0
7 10 0
7 11 0
7 12 0
60 95
1 1 1 1 1 1 1 1 1 1 1 1 1 1 1 1 1 1 1 1 1 1 1 1 1 1 1 1 1 1 1 1 1 1 1 1 1 1 1 1 1 1 1 1 1 1 1 1 1 1 1 1 1 1 1 1 1 1 1 1 
10 1
10 2
11 2
6 3
7 3
8 3
9 3
10 3
11 3
2 4
3 4
4 4
5 4
6 4
7 4
8 4
9 4
10 4
11 4
12 4
13 4
14 4
1 5
2 5
3 5
4 5
5 5
6 5
7 5
8 5
9 5
10 5
11 5
12 5
13 5
14 5
15 5
16 5
3 6
4 6
5 6
6 6
7 6
8 6
9 6
10 6
11 6
12 6
13 6
14 6
15 6
6 7
7 7
8 7
9 7
10 7
11 7
6 8
7 8
7 9
1 1 0
1 2 0
1 3 0
1 4 0
1 5 0
2 1 0
2 2 0
2 3 0
2 4 0
2 5 0
3 1 0
3 2 0
3 3 0
3 4 0
3 5 0
4 1 0
4 2 0
4 3 0
4 4 0
4 5 0
5 1 0
5 2 0
5 3 0
5 4 0
5 5 0
6 1 0
6 2 0
6 3 0
6 4 0
6 5 0
7 1 0
7 2 0
7 3 0
7 4 0
7 5 0
8 1 0
8 2 0
8 3 0
8 4 0
8 5 0
9 1 0
9 2 0
9 3 0
9 4 0
9 5 0
10 1 0
10 2 0
10 3 0
10 4 0
10 5 0
11 1 0
11 2 0
11 3 0
11 4 0
11 5 0
12 1 0
12 2 0
12 3 0
12 4 0
12 5 0
16 35
11 32 2 21 1 1 5 4 3 5 1 1 3 3 2 1 
1 1 2 1 2 2 3 2 4 2 3 3 4 3 5 3 4 4 5 4 6 4 
5 5 6 5 7 5 8 5 9 5 10 5 11 5 12 5 5 6 6 6 7 6 8 6 9 6 10 6 11 6 12 6 5 7 6 7 7 7 8 7 9 7 10 7 11 7 12 7 5 8 6 8 7 8 8 8 9 8 10 8 11 8 12 8 
7 4 8 4 
3 9 4 9 5 9 6 9 7 9 8 9 9 9 10 9 11 9 12 9 13 9 3 10 4 10 7 10 8 10 9 10 10 10 11 10 12 10 13 10 14 10 
4 8 
13 8 
2 11 3 11 1 12 2 12 1 13 
10 4 11 4 12 4 13 4 
15 1 14 2 15 2 
12 11 13 11 14 11 15 11 15 12 
13 12 
14 12 
12 3 13 3 14 3 
16 12 15 13 16 13 
17 13 17 14 
18 14 
1 1 0
6 6 1
1 3 0
2 4 1
1 2 0
1 6 0
3 14 0
3 1 0
5 2 0
6 5 2
1 16 0
1 7 0
6 14 1
5 14 0
6 2 0
3 16 0
